4.090031691810873671e-01
-2.190423008685370154e-02
3.797564341129787135e-01
3.904703758434533434e-01
2.523628550988999963e-01
4.003354758298607874e-01
1.128808240269053714e-01
6.322570217174654228e-02
-1.431026723585772549e-02
-1.387583280003119313e-01
2.450955590557701014e-01
5.122599154726691084e-02
1.942296837684031469e-02
-2.073988347200622293e-02
-1.397764400742780577e-01
-1.233077150371296310e-01
-1.565173596718086035e-01
-8.106599685461225724e-02
-5.929758507483069013e-02
-8.446580397631224535e-02
-1.043436861834153850e-01
-1.001114948332569032e-01
7.068252315433952958e-03
2.290392880573710599e-02
3.205352480350018296e-01
2.293461467373263118e-01
-2.309625409330648416e-01
2.991655025807280488e-01
-4.125833056553902811e-02
2.907584841151117927e-01
-1.119351388171870576e-01
-2.204733158230315071e-01
2.401378719672221315e-02
7.905404684187870012e-01
-7.762142514633134371e-02
-5.684658395452215629e-01
-1.309793584034004421e-01
-1.161699546415227019e-01
-1.538970764619404241e-01
-1.752732375609861865e-02
-1.858096351529103449e-02
3.802066375308306156e-01
-8.997282467974147824e-02
-1.562981900919971634e-01
-1.349610055222523752e-01
-2.810985276198363914e-01
-6.854519318714415166e-02
3.350671651013257812e-01
5.361703325724614944e-02
4.324661312730512797e-02
2.949526329969717059e-02
-2.778957906729048397e-02
-1.404219776421196941e-01
7.107285306944525205e-01
-3.377633907558301729e-01
-1.496533211098058369e-01
-4.055327082535308270e-01
-2.512237145948932882e-01
2.285105759727333596e-01
-5.353576216674120480e-02
1.937288055212449747e-02
-1.643913237670864558e-01
-5.406507310538978539e-02
1.567433707038278501e-01
1.752522971944798710e-02
2.031088075043212260e-02
-4.581063298348528844e-03
-3.494805551231828372e-02
5.551796799328034653e-03
-3.978737840002277010e-02
-1.166934165294152698e-02
-3.372931609246099943e-02
1.856369621310633225e-02
1.787509191487700322e-02
2.464404956412099418e-02
4.149218261505539969e-03
-3.245236456805168646e-02
-2.472836897825690314e-02
-4.524886877828039090e-03
-2.023984650806349983e-02
3.830076112766334865e-03
1.849039327024558496e-03
3.116947787161194680e-02
3.055149326865736967e-02
-1.760087236048153269e-03
2.095035558173817536e-02
-1.616023604168506655e-02
3.178802206255503665e-02
-8.631307126658547754e-03
-1.090979231547679340e-01
-2.273003345657237037e-02
-2.170548420120913674e-02
-2.145640582008467856e-02
1.905975044459380999e-02
-5.245568244218806568e-03
-2.173550984851397444e-02
-3.602853052508605408e-02
-2.164037520130226218e-04
-7.613467213287932085e-03
1.795889484099556094e-02
-7.618429242175155276e-03
-1.748455589046183853e-02
5.995460951669587257e-02
-2.508451412868549849e-02
4.442869947891323057e-03
6.784142217366437300e-03
