-1.335232374176860970e-01
6.036187213016420625e-03
-1.187827325514555638e-01
-1.248492370932032386e-01
-8.388194971369705710e-02
-1.251891192939264819e-01
-3.341979342086848909e-02
-1.702374448998205184e-02
7.674969154622132174e-03
4.762554756249526289e-02
-7.740933008619070577e-02
-2.025772060549906051e-02
-1.084466573603361586e-02
5.270911082802717459e-03
4.053862434583443974e-02
4.355815251656225406e-02
4.265075226701709604e-02
2.521806667437592048e-02
2.309634631524044163e-02
2.127633919578596905e-02
3.663171705438413028e-02
3.550636455146317233e-02
-4.660573859162572136e-03
-6.048043604986913339e-03
-1.003423481407620804e-01
-6.872975978714376821e-02
7.333855397545346877e-02
-1.027506372489502273e-01
7.836009678524531383e-03
-8.497811775959987490e-02
3.603215599159296373e-02
7.670571896177025284e-02
-1.120147414967290374e-02
-2.447321786028753832e-01
2.108479114794942905e-02
1.711177952959111181e-01
3.969564030336242971e-02
3.582512685574631983e-02
4.980707820487698806e-02
4.244656698245687586e-04
1.129580888437725986e-02
-1.171422183655643906e-01
2.955391702353588057e-02
5.237746516318970980e-02
3.862300894613158314e-02
8.581293117676022653e-02
1.519093169693640742e-02
-1.042935671759260274e-01
-1.980268517543383108e-02
-1.531914276053945173e-02
-1.719109883692419849e-02
1.342166184266320970e-02
4.094244509963686912e-02
-2.195577315259537865e-01
1.005701419384582018e-01
3.998369594674821420e-02
1.268059285348417942e-01
8.385345631300722413e-02
-6.936443600680375354e-02
2.202654103183090961e-02
-2.735866460033155306e-05
4.735864812549262642e-02
1.534917904177470448e-02
-4.966657029688070074e-02
-3.299749727783188574e-03
-5.107283898684421806e-03
-4.129481794455109288e-03
5.682904485253017363e-03
-7.426780920624088912e-04
1.378218729723383607e-02
3.697609486118301567e-03
1.388311964195573095e-02
-3.410654196219524512e-03
-2.117737473306958908e-03
-1.030385966837850213e-02
-1.882126371109173147e-03
1.473293986809792906e-02
9.497177912712368884e-04
5.406115408818857639e-03
6.413013646877815596e-03
-4.840672224829692914e-03
-1.497175122129071941e-03
-1.117036444848695277e-02
-3.728777327052193447e-03
3.497764617548386121e-03
-7.607733747524911966e-03
1.516313571968850617e-02
-7.169622901538581262e-03
5.220423347644696094e-03
3.795027857329912047e-02
9.473171784377320756e-03
5.220423347642676876e-03
7.384533234855628417e-03
-4.298366879941479569e-03
2.514918594809763177e-03
-6.402771671391232567e-04
3.787515370972035188e-03
-5.566919981700599318e-03
6.121315769668413641e-03
-1.992011340004175551e-03
-8.468038597512900917e-03
3.245974119049108240e-03
-2.255370099307600976e-02
1.587967533482048665e-02
-3.064471282770053501e-03
5.212426709568831465e-04
