3.605487175826876389e-01
1.669556114448477457e-01
2.771136953845408923e-01
2.789312120052703126e+00
3.091099223093540793e-01
3.935146578443758369e-01
1.167587898175860145e-01
-1.005759949168004257e-02
-3.564774780139415983e-02
9.834492143121499608e-02
1.060261663886977734e-01
-7.616669695771306758e-02
-9.013768098112304172e-02
2.053373786184711669e+00
5.230950949154619667e-02
-1.307112736025504429e-01
-2.424058483775679285e-01
8.562370133043424592e-02
-4.269121830645594370e-04
-1.836721855584343976e-01
-2.070082822333497996e-01
-2.984167574653422972e-01
1.108514487159342754e-01
1.007117640725082169e-01
3.323817816392147795e-01
2.622703896010446512e-01
-8.801566073167063631e-02
3.844852547333004744e-01
-3.197829057407965969e-01
2.235548348076864533e-01
7.976179551038782567e-02
-9.298560817932652323e-02
2.053373786184691685e+00
3.187960544079393999e-01
-2.010153582977378950e-01
-2.800547198408632754e-01
-4.895790848988269828e-02
-3.276871784969692669e-01
8.223029906719639404e-02
2.053373786184723215e+00
1.273245413995570396e-01
3.133884766258683285e-01
-1.485634662229733949e-01
-2.291927195192536293e-01
6.212996520904554704e-02
-1.279393332210287393e-01
-6.074981000165324829e-01
1.999836237508869352e-01
8.296891478924429963e-02
4.980700060678729807e-02
1.224740046441605140e-01
-6.136350065893179419e-03
-1.591666350952874731e-01
3.319913470581562498e-01
-2.662007431773432686e-01
-2.144537232118249315e-01
-5.710313234124823056e-01
-4.961269688490178853e-02
3.495580685359084283e-01
-8.968682833264325638e-02
1.722097286616216805e-01
2.774756516885116750e-02
5.291184661847791321e-02
1.559963927014810792e-01
1.631051834134626399e-01
3.679009999184655877e-01
3.105878185358666999e-01
-1.692418522564711481e-01
2.783596390877027815e-01
-4.360408291248416696e-02
2.969573830839181694e-01
-1.384496316374417835e-01
4.500141400579485973e-01
2.395725363512103134e-01
4.932553029104334019e-01
-1.277483880132266325e-01
4.634839590149697486e-01
3.620677849656727537e-02
2.053373786184711669e+00
-1.502656424475942200e-02
1.494908765937944251e-01
-3.204644346565078267e-02
2.308029373867681033e-01
2.001970417356705445e-01
1.237480613244275503e-02
2.931769755861663440e-01
-1.438794602661748467e-01
3.519526217448308292e-01
-3.566745349207847693e-02
7.909459950621429147e-01
5.072298398705679841e-03
-6.466788943101441089e-02
2.429527927707978152e-01
4.146038732918556624e-01
2.169680708173777131e-02
2.053373786184691685e+00
-4.751054263517425630e-02
1.455109251083231414e-01
4.817712477721368680e-01
1.757727925325535678e-01
1.851811953851875692e-01
-5.925015100260484086e-02
1.961928052334318773e+00
3.008083747733707181e-02
2.053396022957062250e+00
7.126148343024301113e-01
